<?xml version="1.0" encoding="utf-8"?>
<COLLADA xmlns="http://www.collada.org/2005/11/COLLADASchema" version="1.4.1" xmlns:xsi="http://www.w3.org/2001/XMLSchema-instance">
  <asset>
    <contributor>
      <author>Blender User</author>
      <authoring_tool>Blender 2.90.1 commit date:2020-09-23, commit time:06:43, hash:3e85bb34d0d7</authoring_tool>
    </contributor>
    <created>2020-11-05T11:12:56</created>
    <modified>2020-11-05T11:12:56</modified>
    <unit name="meter" meter="1"/>
    <up_axis>Z_UP</up_axis>
  </asset>
  <library_effects/>
  <library_images/>
  <library_controllers/>
  <library_animations>
    <animation id="action_container-Armature_002" name="Armature.002"/>
  </library_animations>
  <library_visual_scenes>
    <visual_scene id="Scene" name="Scene">
      <node id="Armature_002" name="Armature.002" type="NODE">
        <matrix sid="transform">1 0 0 0 0 1 0 0 0 0 1 0 0 0 0 1</matrix>
        <node id="Armature_002_Bone_003" name="Bone.003" sid="Bone_003" type="JOINT">
          <matrix sid="transform">1 0 0 0 0 0 1 0 0 -1 0 0.6963575 0 0 0 1</matrix>
          <node id="Armature_002_Bone_001" name="Bone.001" sid="Bone_001" type="JOINT">
            <matrix sid="transform">1 0 1.50996e-7 0 0 -1 0 -8.48532e-4 1.50996e-7 0 -1 0 0 0 0 1</matrix>
            <node id="Armature_002_Bone_002" name="Bone.002" sid="Bone_002" type="JOINT">
              <matrix sid="transform">1 0 -1.50996e-7 0 0 1 0 0.1482996 1.50996e-7 0 1 0 0 0 0 1</matrix>
              <node id="Armature_002_Bone_004" name="Bone.004" sid="Bone_004" type="JOINT">
                <matrix sid="transform">-0.9265065 -0.3762709 -9.24509e-4 -0.2160684 0.3762721 -0.9265063 -0.002289023 0.116712 4.69759e-6 -0.002468674 0.999997 5.56478e-4 0 0 0 1</matrix>
                <node id="Armature_002_Bone_005" name="Bone.005" sid="Bone_005" type="JOINT">
                  <matrix sid="transform">0.9990372 -0.04386878 -5.45138e-4 2.98023e-8 0.04385674 0.9989391 -0.01404648 0.254479 0.001160762 0.01400904 0.9999013 1.45519e-11 0 0 0 1</matrix>
                  <node id="Armature_002_Bone_006" name="Bone.006" sid="Bone_006" type="JOINT">
                    <matrix sid="transform">0.9999226 0.01191133 0.003572147 0 -0.01171657 0.9986641 -0.05032235 0.1621656 -0.004166781 0.0502766 0.9987266 3.49246e-10 0 0 0 1</matrix>
                    <extra>
                      <technique profile="blender">
                        <connect sid="connect" type="bool">1</connect>
                        <layer sid="layer" type="string">0</layer>
                        <roll sid="roll" type="float">-2.784577</roll>
                        <tip_x sid="tip_x" type="float">-0.03101646</tip_x>
                        <tip_y sid="tip_y" type="float">-0.005544781</tip_y>
                        <tip_z sid="tip_z" type="float">-0.08398693</tip_z>
                      </technique>
                    </extra>
                  </node>
                  <extra>
                    <technique profile="blender">
                      <connect sid="connect" type="bool">1</connect>
                      <layer sid="layer" type="string">0</layer>
                      <roll sid="roll" type="float">-2.800766</roll>
                    </technique>
                  </extra>
                </node>
                <extra>
                  <technique profile="blender">
                    <layer sid="layer" type="string">0</layer>
                    <roll sid="roll" type="float">-2.755828</roll>
                  </technique>
                </extra>
              </node>
              <node id="Armature_002_Bone_013" name="Bone.013" sid="Bone_013" type="JOINT">
                <matrix sid="transform">-0.9265065 0.376271 -9.24648e-4 0.2168614 -0.3762667 -0.9265063 -0.003039993 0.116712 -0.002000516 -0.002468673 0.9999949 5.56478e-4 0 0 0 1</matrix>
                <node id="Armature_002_Bone_014" name="Bone.014" sid="Bone_014" type="JOINT">
                  <matrix sid="transform">0.9989693 0.04384074 -0.01177044 -2.98023e-8 -0.04399958 0.9989392 -0.01359269 0.2544789 0.01116204 0.01409657 0.9998384 -2.03727e-10 0 0 0 1</matrix>
                  <node id="Armature_002_Bone_015" name="Bone.015" sid="Bone_015" type="JOINT">
                    <matrix sid="transform">0.9994105 -0.01139146 -0.03239261 2.98023e-8 0.009738266 0.9986644 -0.05074234 0.1621654 0.03292738 0.05039697 0.9981863 -4.65661e-10 0 0 0 1</matrix>
                    <extra>
                      <technique profile="blender">
                        <connect sid="connect" type="bool">1</connect>
                        <layer sid="layer" type="string">0</layer>
                        <roll sid="roll" type="float">-3.537754</roll>
                        <tip_x sid="tip_x" type="float">0.03101646</tip_x>
                        <tip_y sid="tip_y" type="float">-0.005544781</tip_y>
                        <tip_z sid="tip_z" type="float">-0.08398693</tip_z>
                      </technique>
                    </extra>
                  </node>
                  <extra>
                    <technique profile="blender">
                      <connect sid="connect" type="bool">1</connect>
                      <layer sid="layer" type="string">0</layer>
                      <roll sid="roll" type="float">-3.492749</roll>
                    </technique>
                  </extra>
                </node>
                <extra>
                  <technique profile="blender">
                    <layer sid="layer" type="string">0</layer>
                    <roll sid="roll" type="float">-3.525362</roll>
                  </technique>
                </extra>
              </node>
              <node id="Armature_002_Bone_016" name="Bone.016" sid="Bone_016" type="JOINT">
                <matrix sid="transform">1 0 0 0 0 1 0 0.2046927 0 0 1 0 0 0 0 1</matrix>
                <node id="Armature_002_Bone_017" name="Bone.017" sid="Bone_017" type="JOINT">
                  <matrix sid="transform">1 0 0 0 0 1 0 0.07423592 0 0 1 0 0 0 0 1</matrix>
                  <extra>
                    <technique profile="blender">
                      <connect sid="connect" type="bool">1</connect>
                      <layer sid="layer" type="string">0</layer>
                      <tip_x sid="tip_x" type="float">0</tip_x>
                      <tip_y sid="tip_y" type="float">0</tip_y>
                      <tip_z sid="tip_z" type="float">0.1797586</tip_z>
                    </technique>
                  </extra>
                </node>
                <extra>
                  <technique profile="blender">
                    <connect sid="connect" type="bool">1</connect>
                    <layer sid="layer" type="string">0</layer>
                  </technique>
                </extra>
              </node>
              <extra>
                <technique profile="blender">
                  <connect sid="connect" type="bool">1</connect>
                  <layer sid="layer" type="string">0</layer>
                </technique>
              </extra>
            </node>
            <extra>
              <technique profile="blender">
                <layer sid="layer" type="string">0</layer>
                <roll sid="roll" type="float">2.38419e-7</roll>
              </technique>
            </extra>
          </node>
          <node id="Armature_002_Bone_007" name="Bone.007" sid="Bone_007" type="JOINT">
            <matrix sid="transform">3.87408e-5 -0.01732301 -0.99985 -0.09228294 -0.00447745 0.99984 -0.017323 0.1535248 0.99999 0.004477449 -3.88282e-5 0 0 0 0 1</matrix>
            <node id="Armature_002_Bone_008" name="Bone.008" sid="Bone_008" type="JOINT">
              <matrix sid="transform">0.9998516 0.01722042 -2.79143e-4 -1.16415e-10 -0.01722042 0.999327 -0.03238945 0.2283673 -2.78805e-4 0.03238946 0.9994753 0 0 0 0 1</matrix>
              <node id="Armature_002_Bone_009" name="Bone.009" sid="Bone_009" type="JOINT">
                <matrix sid="transform">0.021655 0.9956328 -0.09081037 0 -0.9742758 0.04139568 0.2215247 0.2877259 0.2243165 0.08367717 0.970917 7.45058e-9 0 0 0 1</matrix>
                <extra>
                  <technique profile="blender">
                    <connect sid="connect" type="bool">1</connect>
                    <layer sid="layer" type="string">0</layer>
                    <roll sid="roll" type="float">-1.747303</roll>
                    <tip_x sid="tip_x" type="float">-0.01017063</tip_x>
                    <tip_y sid="tip_y" type="float">0.1191821</tip_y>
                    <tip_z sid="tip_z" type="float">-0.001863956</tip_z>
                  </technique>
                </extra>
              </node>
              <extra>
                <technique profile="blender">
                  <connect sid="connect" type="bool">1</connect>
                  <layer sid="layer" type="string">0</layer>
                  <roll sid="roll" type="float">-1.521532</roll>
                </technique>
              </extra>
            </node>
            <extra>
              <technique profile="blender">
                <layer sid="layer" type="string">0</layer>
                <roll sid="roll" type="float">-1.553511</roll>
              </technique>
            </extra>
          </node>
          <node id="Armature_002_Bone_010" name="Bone.010" sid="Bone_010" type="JOINT">
            <matrix sid="transform">3.84077e-5 0.01732301 -0.99985 0.09067222 -0.004478785 0.99984 0.01732266 0.1535248 0.99999 0.00447745 1.15988e-4 0 0 0 0 1</matrix>
            <node id="Armature_002_Bone_011" name="Bone.011" sid="Bone_011" type="JOINT">
              <matrix sid="transform">0.9998506 0.01722291 0.001435089 3.49246e-10 -0.01726035 0.9993271 0.03236819 0.2283671 -8.76648e-4 -0.03238813 0.9994749 0 0 0 0 1</matrix>
              <node id="Armature_002_Bone_012" name="Bone.012" sid="Bone_012" type="JOINT">
                <matrix sid="transform">0.05166242 0.9957352 0.07643585 0 -0.9906117 0.04139533 0.1302883 0.2877259 0.1265686 -0.08244926 0.9885253 0 0 0 0 1</matrix>
                <extra>
                  <technique profile="blender">
                    <connect sid="connect" type="bool">1</connect>
                    <layer sid="layer" type="string">0</layer>
                    <roll sid="roll" type="float">-1.748635</roll>
                    <tip_x sid="tip_x" type="float">0.01017063</tip_x>
                    <tip_y sid="tip_y" type="float">0.1191821</tip_y>
                    <tip_z sid="tip_z" type="float">-0.001863956</tip_z>
                  </technique>
                </extra>
              </node>
              <extra>
                <technique profile="blender">
                  <connect sid="connect" type="bool">1</connect>
                  <layer sid="layer" type="string">0</layer>
                  <roll sid="roll" type="float">-1.618827</roll>
                </technique>
              </extra>
            </node>
            <extra>
              <technique profile="blender">
                <layer sid="layer" type="string">0</layer>
                <roll sid="roll" type="float">-1.588004</roll>
              </technique>
            </extra>
          </node>
          <extra>
            <technique profile="blender">
              <layer sid="layer" type="string">0</layer>
              <tip_x sid="tip_x" type="float">0</tip_x>
              <tip_y sid="tip_y" type="float">0</tip_y>
              <tip_z sid="tip_z" type="float">-0.1367661</tip_z>
            </technique>
          </extra>
        </node>
      </node>
    </visual_scene>
  </library_visual_scenes>
  <scene>
    <instance_visual_scene url="#Scene"/>
  </scene>
</COLLADA>